11100110101101100001101110100101111100111101100100010000110110111010001101110101001000101110100101011010001001001100111100110011111110001110
110100111100100110100001110010111010000101011101011110011010000111010111101110010111011011010010100100010100010110010101000001110110011101100011111100
1111001001011111011101011000111010000010100010110111110010101001010101000111011000110010110011110011010101011110111011011101100000001101111001100
111001101011011000011011101001011111001111011001000100001101101110100011111110001110100010010000111000111111111
111100101010100101111011001110101101000001010110110011111110001110000100010011000110010001101110100101101111100100011100110010110
1101001101100010000010110111110010000110010111101011101010011001110110101100010111011010011011110111001011101101101001010010011111110001110
11110000111101100110001111110001111010101111100011110110010111111000111001111011001100010110111011000000001011110010110100111011101001101110111010100100001100010101011101011110011101100101000
111001101011011000011011101001011111001111011001000100001101101110100011111110001110100010010000111000111111111
0100110100011100000100110100011100000100110100011100000100110100011100
111001101011011000011011101001011111001111011001000100001101101110100011111110001110100010010000111000111111111
010011010001110000010011010001110000010011010001110000010011010001110000
111001101011011000011011101001011111001111011001000100001101101110100011111110001110100010010000111000111111111
0100110100011100000100110100011100000100110100011100000100110100011100
111001101011011000011011101001011111001111011001000100001101101110100011111110001110100010010000111000111111111
11110000111101100110001111110001111010101111100011110110010111111000111001111011001100010110111011000000001011110010110100111011101001101110111010100100001100010101011101011110011101100101000
11100110101101100001101110100101111100111101100100010000110110111010001101110101001000101110100101011010001001001100111100110011111110001110
